137 242
138 266
141 291
144 314
154 336
169 354
185 369
203 380
224 384
246 381
268 370
287 354
300 336
309 315
313 293
315 272
316 250
153 228
166 219
181 216
197 218
211 223
245 223
261 218
277 216
293 219
304 228
227 243
227 258
226 272
225 287
207 297
216 298
225 301
234 299
243 297
170 246
180 239
192 239
202 250
191 250
179 249
251 251
263 241
275 242
286 249
276 252
264 252
186 319
203 316
215 313
223 315
233 314
247 316
263 320
248 333
233 335
223 335
214 334
201 330
193 320
214 324
224 324
233 324
257 322
233 324
224 324
214 324